[0.017018582649831138, 0.02014333088626108, 0.2503149335600713, 0.3627923310963055, 0.43029193927845966, 0.45447978814130985, 0.4554399615932686, 0.48517853689053736, 0.8249004270332472, 0.9685288205561764]
loop iterations: 19
[0.18310842061299437, 0.22373505992825282, 0.32554510456046115, 0.4127701887004782, 0.4745386723313131, 0.5527400291005085, 0.6238575087412056, 0.6608309309187742, 0.7784859036359508, 0.7810940435858483]
loop iterations: 19
[0.01729736443938379, 0.16507556610899732, 0.22486249114742973, 0.2598193391834801, 0.3555889392265923, 0.3697556618086476, 0.47590416755874265, 0.7355552970493459, 0.8138296446004126, 0.9665082588532928]
loop iterations: 19
[0.05415879047134009, 0.1419515434751515, 0.5251540346309396, 0.5809418098077634, 0.6708349424344141, 0.7464124123311002, 0.8339535368989127, 0.8832871331270469, 0.9133099825150436, 0.9671400938214242]
loop iterations: 19
[0.01617083478716097, 0.049185145351442694, 0.2720801618980426, 0.4287733329692216, 0.6562793881244228, 0.6651845377606743, 0.6821052802842568, 0.7953872955237149, 0.9237134781769966, 0.9857453277869342]
loop iterations: 19
[0.13562535161013867, 0.18715050923203713, 0.20201432460252622, 0.2880735109760766, 0.34330029725422595, 0.5704781779115911, 0.6575696352041753, 0.7099098111555715, 0.7209207132595244, 0.7866338626176201]
loop iterations: 19
[0.1150500860197029, 0.22624964233496325, 0.2669321342697438, 0.3027624511153615, 0.3924365091846084, 0.5677273780471661, 0.7509574939621996, 0.8751818906297902, 0.8908115918170657, 0.9884731241789089]
loop iterations: 19
[0.007964495049551656, 0.022205413208992053, 0.19239994167042918, 0.30575258795560023, 0.36013277158465273, 0.39051031804010516, 0.6170128875763636, 0.8286587949508862, 0.8860638692473889, 0.9366850300324459]
loop iterations: 19
[0.023545891964700694, 0.08642655481265482, 0.12021903596534211, 0.23696941870234645, 0.5058838882005957, 0.6563497294869344, 0.6978447542593855, 0.8258167618310581, 0.960379837998236, 0.974892528177031]
loop iterations: 19
[0.2334483901803931, 0.34295199951695476, 0.421175499784596, 0.42666365614877866, 0.6624150817475534, 0.7110483141756737, 0.7299327120511085, 0.882864189964957, 0.9146260343602276, 0.9266196352931442]
loop iterations: 19