[]
loop iterations: 0
[0.6881321813629669]
loop iterations: 0
[0.6439023268545627, 0.972350072703656]
loop iterations: 1
[0.44259226810996466, 0.5554128919707255, 0.7135848444428485]
loop iterations: 3
[0.18489117859481552, 0.2798063950315697, 0.8610136588508562, 0.9759174006299652]
loop iterations: 6
[0.3227133433941033, 0.562056269685979, 0.7022769807081876, 0.7681740026527741, 0.9249736936637493]
loop iterations: 10
[0.0021045149357001858, 0.05534055347689104, 0.06909900236324917, 0.11581769283328125, 0.15934299425260323, 0.2937781844893692]
loop iterations: 15
[0.04569151984274222, 0.3630358683144882, 0.4866015301582822, 0.5277663312784114, 0.5820629908387703, 0.5952506078640285, 0.7796658573815815]
loop iterations: 21
[0.33273298666999185, 0.4251040858322116, 0.557104315024987, 0.6467350285127139, 0.706537657836945, 0.7199192279687852, 0.9477189204480166, 0.9750477175492847]
loop iterations: 28
[0.13910023053546683, 0.38624256051166606, 0.4608990149419102, 0.5217848337974336, 0.5272562765406573, 0.6276643675539033, 0.7794191919693491, 0.8699488156622087, 0.9709272848568169]
loop iterations: 36